"x","y","z","s","e"
"657","397","331","15:25:15","15:26:07"
"639","458","346","15:25:15","15:26:07"
"824","187","152","15:25:15","15:26:07"
"919","115","81","15:25:15","15:26:07"
"1018","197","70","15:25:15","15:26:07"
"1120","380","67","15:25:15","15:26:07"
"1041","688","39","15:25:15","15:26:07"
"834","670","78","15:25:15","15:26:07"
"698","548","142","15:25:15","15:26:07"
"973","445","216","15:25:15","15:26:07"
"1173","510","227","15:25:15","15:26:07"
"1241","512","221","15:25:15","15:26:07"
"1116","192","94","15:25:15","15:26:07"
"1101","-14","-2","15:25:15","15:26:07"
"1147","-149","-81","15:25:15","15:26:07"
"1174","-4","-70","15:25:15","15:26:07"
"1113","176","44","15:25:15","15:26:07"
"1066","273","174","15:25:15","15:26:07"
"1068","270","244","15:25:15","15:26:07"
"1103","305","159","15:25:15","15:26:07"
"1106","354","87","15:25:15","15:26:07"
"1118","305","24","15:25:15","15:26:07"
"1116","149","-25","15:25:15","15:26:07"
"1012","-87","-74","15:25:15","15:26:07"
"1017","-98","-139","15:25:15","15:26:07"
"1131","-132","-282","15:25:15","15:26:07"
"1282","-220","-457","15:25:15","15:26:07"
"1261","-295","-527","15:25:15","15:26:07"
"1109","-226","-395","15:25:15","15:26:07"
"1009","-164","-267","15:25:15","15:26:07"
"997","-137","-202","15:25:15","15:26:07"
"974","26","-132","15:25:15","15:26:07"
"916","236","-40","15:25:15","15:26:07"
"905","450","101","15:25:15","15:26:07"
"1067","542","591","15:25:15","15:26:07"
"1172","448","915","15:25:15","15:26:07"
"1337","361","1149","15:25:15","15:26:07"
"1646","259","1127","15:25:15","15:26:07"
"-1578","-301","156","15:25:15","15:26:07"
"-1488","-611","-486","15:25:15","15:26:07"
"-1670","-653","-928","15:25:15","15:26:07"
"-1952","-378","-1055","15:25:15","15:26:07"
"1706","371","-684","15:25:15","15:26:07"
"1579","580","-456","15:25:15","15:26:07"
"1392","720","-275","15:25:15","15:26:07"
"1169","812","-165","15:25:15","15:26:07"
"695","787","-452","15:25:15","15:26:07"
"441","816","-785","15:25:15","15:26:07"
"244","1001","-983","15:25:15","15:26:07"
"171","1306","-937","15:25:15","15:26:07"
"267","1769","-662","15:25:15","15:26:07"
"356","1753","-673","15:25:15","15:26:07"
"562","1542","-718","15:25:15","15:26:07"
"1316","483","-856","15:25:15","15:26:07"
"1562","-233","-985","15:25:15","15:26:07"
"1615","-717","-957","15:25:15","15:26:07"
"1592","-691","-599","15:25:15","15:26:07"
"1748","243","470","15:25:15","15:26:07"
"1852","357","621","15:25:15","15:26:07"
"1826","141","515","15:25:15","15:26:07"
"1638","-84","381","15:25:15","15:26:07"
"1166","21","317","15:25:15","15:26:07"
"1087","99","243","15:25:15","15:26:07"
"1072","100","143","15:25:15","15:26:07"
"882","358","159","15:25:15","15:26:07"
"772","525","220","15:25:15","15:26:07"
"769","441","201","15:25:15","15:26:07"
"854","143","101","15:25:15","15:26:07"
"944","59","-49","15:25:15","15:26:07"
"920","388","-31","15:25:15","15:26:07"
"898","611","34","15:25:15","15:26:07"
"889","571","146","15:25:15","15:26:07"
"1032","277","374","15:25:15","15:26:07"
"1256","302","365","15:25:15","15:26:07"
"1485","386","272","15:25:15","15:26:07"
"1582","411","182","15:25:15","15:26:07"
"1401","124","166","15:25:15","15:26:07"
"1301","-53","150","15:25:15","15:26:07"
"1221","-64","65","15:25:15","15:26:07"
"1114","176","-41","15:25:15","15:26:07"
"828","861","19","15:25:15","15:26:07"
"728","908","173","15:25:15","15:26:07"
"699","764","273","15:25:15","15:26:07"
"754","597","264","15:25:15","15:26:07"
"1107","348","74","15:25:15","15:26:07"
"1312","136","-33","15:25:15","15:26:07"
"1420","-125","-134","15:25:15","15:26:07"
"1265","-412","-222","15:25:15","15:26:07"
"1228","-372","-228","15:25:15","15:26:07"
"1359","-320","-269","15:25:15","15:26:07"
"1560","-340","-343","15:25:15","15:26:07"
"1429","-411","-333","15:25:15","15:26:07"
"1136","-290","-216","15:25:15","15:26:07"
"950","-95","-116","15:25:15","15:26:07"
"937","85","-82","15:25:15","15:26:07"
"937","361","-38","15:25:15","15:26:07"
"782","467","68","15:25:15","15:26:07"
"600","472","188","15:25:15","15:26:07"
"493","353","235","15:25:15","15:26:07"
"685","145","-16","15:25:15","15:26:07"
"932","212","-207","15:25:15","15:26:07"
"1160","353","-338","15:25:15","15:26:07"
"1260","516","-384","15:25:15","15:26:07"
"982","721","-261","15:25:15","15:26:07"
"816","634","-131","15:25:15","15:26:07"
"829","456","-30","15:25:15","15:26:07"
"1259","317","-121","15:25:15","15:26:07"
"1365","319","-219","15:25:15","15:26:07"
"1312","204","-227","15:25:15","15:26:07"
"1187","8","-143","15:25:15","15:26:07"
"1015","62","-1","15:25:15","15:26:07"
"966","322","8","15:25:15","15:26:07"
"921","480","38","15:25:15","15:26:07"
"884","342","168","15:25:15","15:26:07"
"906","297","168","15:25:15","15:26:07"
"960","310","92","15:25:15","15:26:07"
"1053","280","-28","15:25:15","15:26:07"
"1312","14","-226","15:25:15","15:26:07"
"1380","-101","-271","15:25:15","15:26:07"
"1334","-168","-280","15:25:15","15:26:07"
"1190","-188","-248","15:25:15","15:26:07"
"1062","-69","-151","15:25:15","15:26:07"
"1231","-41","-203","15:25:15","15:26:07"
"1426","-124","-345","15:25:15","15:26:07"
"1464","-247","-483","15:25:15","15:26:07"
"1061","-73","-378","15:25:15","15:26:07"
"926","193","-205","15:25:15","15:26:07"
"918","399","-105","15:25:15","15:26:07"
"926","491","-109","15:25:15","15:26:07"
"721","445","-133","15:25:15","15:26:07"
"625","289","-78","15:25:15","15:26:07"
"613","94","-34","15:25:15","15:26:07"
"751","69","-60","15:25:15","15:26:07"
"904","210","-130","15:25:15","15:26:07"
"1092","333","-241","15:25:15","15:26:07"
"1180","488","-328","15:25:15","15:26:07"
"814","858","-91","15:25:15","15:26:07"
"724","733","151","15:25:15","15:26:07"
"917","399","297","15:25:15","15:26:07"
"1249","152","304","15:25:15","15:26:07"
"1432","328","193","15:25:15","15:26:07"
"1266","363","165","15:25:15","15:26:07"
"1108","205","123","15:25:15","15:26:07"
"1031","-26","-31","15:25:15","15:26:07"
"1042","125","-79","15:25:15","15:26:07"
"1018","330","-70","15:25:15","15:26:07"
"957","420","-8","15:25:15","15:26:07"
"933","252","104","15:25:15","15:26:07"
"1025","239","97","15:25:15","15:26:07"
"1135","314","74","15:25:15","15:26:07"
"1233","359","65","15:25:15","15:26:07"
"1379","107","7","15:25:15","15:26:07"
"1372","-44","-76","15:25:15","15:26:07"
"1287","-99","-159","15:25:15","15:26:07"
"1177","-71","-306","15:25:15","15:26:07"
"1249","-123","-423","15:25:15","15:26:07"
"1320","-202","-526","15:25:15","15:26:07"
"1302","-228","-541","15:25:15","15:26:07"
"1081","-61","-333","15:25:15","15:26:07"
"993","6","-236","15:25:15","15:26:07"
"921","34","-165","15:25:15","15:26:07"
"838","100","-88","15:25:15","15:26:07"
"680","419","116","15:25:15","15:26:07"
"627","494","222","15:25:15","15:26:07"
"590","462","293","15:25:15","15:26:07"
"614","400","274","15:25:15","15:26:07"
"934","366","-50","15:25:15","15:26:07"
"1002","449","-179","15:25:15","15:26:07"
"840","636","-187","15:25:15","15:26:07"
"568","824","-125","15:25:15","15:26:07"
"623","661","-81","15:25:15","15:26:07"
"969","457","-74","15:25:15","15:26:07"
"1234","395","-14","15:25:15","15:26:07"
"1175","508","169","15:25:15","15:26:07"
"1067","479","206","15:25:15","15:26:07"
"1045","406","212","15:25:15","15:26:07"
"1088","363","233","15:25:15","15:26:07"
"1137","497","416","15:25:15","15:26:07"
"1093","651","522","15:25:15","15:26:07"
"1014","746","567","15:25:15","15:26:07"
"935","659","512","15:25:15","15:26:07"
"923","205","177","15:25:15","15:26:07"
"975","253","16","15:25:15","15:26:07"
"999","495","-72","15:25:15","15:26:07"
"963","681","-96","15:25:15","15:26:07"
"799","608","-159","15:25:15","15:26:07"
"776","655","-236","15:25:15","15:26:07"
"825","794","-275","15:25:15","15:26:07"
"907","872","-223","15:25:15","15:26:07"
"985","856","36","15:25:15","15:26:07"
"1015","976","101","15:25:15","15:26:07"
"1125","1127","70","15:25:15","15:26:07"
"1518","985","-163","15:25:15","15:26:07"
"1580","744","-274","15:25:15","15:26:07"
"1489","546","-342","15:25:15","15:26:07"
"1370","422","-351","15:25:15","15:26:07"
"1432","217","-156","15:25:15","15:26:07"
"1487","84","14","15:25:15","15:26:07"
"1453","-49","216","15:25:15","15:26:07"
"1376","-132","503","15:25:15","15:26:07"
"1280","91","1495","15:25:15","15:26:07"
"1190","341","1956","15:25:15","15:26:07"
"1012","510","-1896","15:25:15","15:26:07"
"752","535","1876","15:25:15","15:26:07"
"240","574","918","15:25:15","15:26:07"
"196","731","519","15:25:15","15:26:07"
"356","855","240","15:25:15","15:26:07"
"603","844","61","15:25:15","15:26:07"
"791","681","-53","15:25:15","15:26:07"
"764","702","30","15:25:15","15:26:07"
"798","735","198","15:25:15","15:26:07"
"935","585","494","15:25:15","15:26:07"
"893","504","515","15:25:15","15:26:07"
"814","484","490","15:25:15","15:26:07"
"772","485","465","15:25:15","15:26:07"
"814","474","355","15:25:15","15:26:07"
"866","575","238","15:25:15","15:26:07"
"917","779","153","15:25:15","15:26:07"
"916","966","158","15:25:15","15:26:07"
"686","805","261","15:25:15","15:26:07"
"595","586","213","15:25:15","15:26:07"
"608","510","118","15:25:15","15:26:07"
"690","597","60","15:25:15","15:26:07"
"826","732","133","15:25:15","15:26:07"
"863","679","165","15:25:15","15:26:07"
"888","623","131","15:25:15","15:26:07"
"885","571","36","15:25:15","15:26:07"
"777","306","-128","15:25:15","15:26:07"
"743","82","-94","15:25:15","15:26:07"
"784","-131","-24","15:25:15","15:26:07"
"908","-250","-31","15:25:15","15:26:07"
"1394","-61","-232","15:25:15","15:26:07"
"1692","131","-76","15:25:15","15:26:07"
"1840","269","343","15:25:15","15:26:07"
"1306","272","957","15:25:15","15:26:07"
"968","220","782","15:25:15","15:26:07"
"880","234","444","15:25:15","15:26:07"
"968","336","168","15:25:15","15:26:07"
"855","503","-57","15:25:15","15:26:07"
"645","453","-128","15:25:15","15:26:07"
"548","377","-156","15:25:15","15:26:07"
"634","345","-93","15:25:15","15:26:07"
"1008","330","218","15:25:15","15:26:07"
"1102","272","374","15:25:15","15:26:07"
"1141","219","506","15:25:15","15:26:07"
"1180","220","597","15:25:15","15:26:07"
"1290","227","497","15:25:15","15:26:07"
"1319","130","320","15:25:15","15:26:07"
"1330","19","160","15:25:15","15:26:07"
"1248","62","114","15:25:15","15:26:07"
"1107","150","152","15:25:15","15:26:07"
"964","158","124","15:25:15","15:26:07"
"917","99","16","15:25:15","15:26:07"
"1029","141","-167","15:25:15","15:26:07"
"973","241","-149","15:25:15","15:26:07"
"824","279","-99","15:25:15","15:26:07"
"694","235","-66","15:25:15","15:26:07"
"713","116","-46","15:25:15","15:26:07"
"749","130","-8","15:25:15","15:26:07"
"742","192","39","15:25:15","15:26:07"
"824","334","-4","15:25:15","15:26:07"
"991","370","-85","15:25:15","15:26:07"
"1193","376","-145","15:25:15","15:26:07"
"1371","338","-169","15:25:15","15:26:07"
"1472","142","-105","15:25:15","15:26:07"
"1321","74","-6","15:25:15","15:26:07"
"1109","69","71","15:25:15","15:26:07"
"991","100","48","15:25:15","15:26:07"
"1172","164","-157","15:25:15","15:26:07"
"1197","210","-153","15:25:15","15:26:07"
"1060","274","-69","15:25:15","15:26:07"
"738","311","64","15:25:15","15:26:07"
"743","248","52","15:25:15","15:26:07"
"816","186","0","15:25:15","15:26:07"
"879","163","-58","15:25:15","15:26:07"
"958","146","-70","15:25:15","15:26:07"
"1040","92","-54","15:25:15","15:26:07"
"1154","22","-83","15:25:15","15:26:07"
"1263","-43","-161","15:25:15","15:26:07"
"1288","-175","-299","15:25:15","15:26:07"
"1169","-204","-284","15:25:15","15:26:07"
"1033","-161","-236","15:25:15","15:26:07"
"1065","15","-296","15:25:15","15:26:07"
"1206","24","-415","15:25:15","15:26:07"
"1287","7","-478","15:25:15","15:26:07"
"1239","52","-409","15:25:15","15:26:07"
"935","333","-70","15:25:15","15:26:07"
"819","406","-2","15:25:15","15:26:07"
"758","371","-34","15:25:15","15:26:07"
"734","263","-90","15:25:15","15:26:07"
"760","41","-55","15:25:15","15:26:07"
"847","-48","-35","15:25:15","15:26:07"
"1024","-134","-115","15:25:15","15:26:07"
"1257","-133","-264","15:25:15","15:26:07"
"1368","491","-188","15:25:15","15:26:07"
"1123","803","114","15:25:15","15:26:07"
"888","759","347","15:25:15","15:26:07"
"874","428","323","15:25:15","15:26:07"
"1265","99","-143","15:25:15","15:26:07"
"1263","196","-208","15:25:15","15:26:07"
"1092","211","-142","15:25:15","15:26:07"
"851","32","-104","15:25:15","15:26:07"
"865","96","-132","15:25:15","15:26:07"
"878","232","-90","15:25:15","15:26:07"
"860","296","7","15:25:15","15:26:07"
"894","182","71","15:25:15","15:26:07"
"990","184","37","15:25:15","15:26:07"
"1116","225","23","15:25:15","15:26:07"
"1245","211","13","15:25:15","15:26:07"
"1359","-15","-166","15:25:15","15:26:07"
"1266","-73","-266","15:25:15","15:26:07"
"1109","-36","-279","15:25:15","15:26:07"
"1003","49","-228","15:25:15","15:26:07"
"1165","81","-246","15:25:15","15:26:07"
"1273","17","-327","15:25:15","15:26:07"
"1265","-9","-356","15:25:15","15:26:07"
"1156","34","-293","15:25:15","15:26:07"
"943","170","-109","15:25:15","15:26:07"
"900","179","-97","15:25:15","15:26:07"
"865","171","-127","15:25:15","15:26:07"
"788","197","-183","15:25:15","15:26:07"
"766","187","-181","15:25:15","15:26:07"
"773","122","-162","15:25:15","15:26:07"
"841","38","-152","15:25:15","15:26:07"
"1170","168","-254","15:25:15","15:26:07"
"1256","431","-304","15:25:15","15:26:07"
"1167","663","-263","15:25:15","15:26:07"
"974","693","-140","15:25:15","15:26:07"
"912","291","-20","15:25:15","15:26:07"
"1079","225","-54","15:25:15","15:26:07"
"1196","320","-12","15:25:15","15:26:07"
"1173","409","119","15:25:15","15:26:07"
"930","184","52","15:25:15","15:26:07"
"873","38","-209","15:25:15","15:26:07"
"878","15","-370","15:25:15","15:26:07"
"906","97","-312","15:25:15","15:26:07"
"940","195","-40","15:25:15","15:26:07"
"965","144","-55","15:25:15","15:26:07"
"1019","103","-97","15:25:15","15:26:07"
"1101","121","-78","15:25:15","15:26:07"
"1267","164","40","15:25:15","15:26:07"
"1280","104","20","15:25:15","15:26:07"
"1201","35","-32","15:25:15","15:26:07"
"927","64","-5","15:25:15","15:26:07"
"935","98","13","15:25:15","15:26:07"
"1080","61","-69","15:25:15","15:26:07"
"1246","-36","-245","15:25:15","15:26:07"
"1193","-113","-461","15:25:15","15:26:07"
"1037","-59","-410","15:25:15","15:26:07"
"941","-26","-337","15:25:15","15:26:07"
"930","-42","-298","15:25:15","15:26:07"
"908","-60","-229","15:25:15","15:26:07"
"839","6","-149","15:25:15","15:26:07"
"791","101","-74","15:25:15","15:26:07"
"798","192","-37","15:25:15","15:26:07"
"884","328","-13","15:25:15","15:26:07"
"919","367","5","15:25:15","15:26:07"
"978","363","6","15:25:15","15:26:07"
"1160","291","-93","15:25:15","15:26:07"
"1154","348","-128","15:25:15","15:26:07"
"1029","473","-105","15:25:15","15:26:07"
"876","549","-50","15:25:15","15:26:07"
"997","251","-103","15:25:15","15:26:07"
"1204","69","-224","15:25:15","15:26:07"
"1273","79","-269","15:25:15","15:26:07"
"1117","289","-116","15:25:15","15:26:07"
"689","664","525","15:25:15","15:26:07"
"760","546","602","15:25:15","15:26:07"
"991","272","411","15:25:15","15:26:07"
"1189","26","122","15:25:15","15:26:07"
"1094","100","-76","15:25:15","15:26:07"
"954","314","-21","15:25:15","15:26:07"
"896","458","-2","15:25:15","15:26:07"
"932","484","-39","15:25:15","15:26:07"
"1124","384","-114","15:25:15","15:26:07"
"1192","305","-135","15:25:15","15:26:07"
"1191","198","-143","15:25:15","15:26:07"
"1123","103","-110","15:25:15","15:26:07"
"1095","41","-79","15:25:15","15:26:07"
"1237","-31","-240","15:25:15","15:26:07"
"1377","-157","-463","15:25:15","15:26:07"
"1219","-191","-524","15:25:15","15:26:07"
"1001","-62","-359","15:25:15","15:26:07"
"863","52","-215","15:25:15","15:26:07"
"841","119","-137","15:25:15","15:26:07"
"829","308","-29","15:25:15","15:26:07"
"751","396","10","15:25:15","15:26:07"
"712","342","-14","15:25:15","15:26:07"
"791","134","-99","15:25:15","15:26:07"
"1180","-122","-159","15:25:15","15:26:07"
"1290","114","-53","15:25:15","15:26:07"
"1268","493","81","15:25:15","15:26:07"
"1153","750","178","15:25:15","15:26:07"
"995","431","163","15:25:15","15:26:07"
"1061","183","54","15:25:15","15:26:07"
"1178","124","-79","15:25:15","15:26:07"
"1251","190","-177","15:25:15","15:26:07"
"1099","128","-202","15:25:15","15:26:07"
"965","51","-209","15:25:15","15:26:07"
"880","94","-237","15:25:15","15:26:07"
"848","254","-238","15:25:15","15:26:07"
"830","450","-18","15:25:15","15:26:07"
"845","367","132","15:25:15","15:26:07"
"909","261","238","15:25:15","15:26:07"
"1016","217","288","15:25:15","15:26:07"
"1211","188","234","15:25:15","15:26:07"
"1277","82","122","15:25:15","15:26:07"
"1324","-62","-23","15:25:15","15:26:07"
"1319","-178","-155","15:25:15","15:26:07"
"1226","-221","-230","15:25:15","15:26:07"
"1002","-137","-231","15:25:15","15:26:07"
"1067","-115","-264","15:25:15","15:26:07"
"1223","-143","-359","15:25:15","15:26:07"
"1311","-175","-457","15:25:15","15:26:07"
"1048","-33","-373","15:25:15","15:26:07"
"914","124","-232","15:25:15","15:26:07"
"904","270","-115","15:25:15","15:26:07"
"946","375","-41","15:25:15","15:26:07"
"833","347","46","15:25:15","15:26:07"
"768","140","51","15:25:15","15:26:07"
"844","-161","27","15:25:15","15:26:07"
"1324","-454","-50","15:25:15","15:26:07"
"1488","-194","-80","15:25:15","15:26:07"
"1490","222","-77","15:25:15","15:26:07"
"1190","538","-22","15:25:15","15:26:07"
"1088","383","-44","15:25:15","15:26:07"
"1097","289","-90","15:25:15","15:26:07"
"1171","326","-113","15:25:15","15:26:07"
"1204","217","-91","15:25:15","15:26:07"
"1127","21","-84","15:25:15","15:26:07"
"1042","-47","-60","15:25:15","15:26:07"
"897","317","100","15:25:15","15:26:07"
"823","461","175","15:25:15","15:26:07"
"785","459","198","15:25:15","15:26:07"
"816","379","186","15:25:15","15:26:07"
"1026","253","157","15:25:15","15:26:07"
"1145","194","117","15:25:15","15:26:07"
"1253","110","35","15:25:15","15:26:07"
"1331","-65","-130","15:25:15","15:26:07"
"1250","-111","-146","15:25:15","15:26:07"
"1125","-120","-121","15:25:15","15:26:07"
"1113","-95","-93","15:25:15","15:26:07"
"1262","-114","-150","15:25:15","15:26:07"
"1369","-148","-233","15:25:15","15:26:07"
"1325","-151","-286","15:25:15","15:26:07"
"992","-21","-222","15:25:15","15:26:07"
"910","39","-182","15:25:15","15:26:07"
"892","77","-175","15:25:15","15:26:07"
"868","135","-169","15:25:15","15:26:07"
"745","380","-64","15:25:15","15:26:07"
"723","406","-46","15:25:15","15:26:07"
"770","224","-118","15:25:15","15:26:07"
"1008","-245","-294","15:25:15","15:26:07"
"1097","-51","-186","15:25:15","15:26:07"
"1116","369","44","15:25:15","15:26:07"
"1096","634","232","15:25:15","15:26:07"
"1170","194","16","15:25:15","15:26:07"
"1266","48","-209","15:25:15","15:26:07"
"1319","226","-277","15:25:15","15:26:07"
"1286","523","-168","15:25:15","15:26:07"
"1082","456","46","15:25:15","15:26:07"
"1012","153","1","15:25:15","15:26:07"
"975","-33","-66","15:25:15","15:26:07"
"921","204","-33","15:25:15","15:26:07"
"900","358","24","15:25:15","15:26:07"
"901","369","60","15:25:15","15:26:07"
"938","283","75","15:25:15","15:26:07"
"1121","168","52","15:25:15","15:26:07"
"1227","132","-24","15:25:15","15:26:07"
"1297","60","-132","15:25:15","15:26:07"
"1294","-27","-199","15:25:15","15:26:07"
"1101","-96","-44","15:25:15","15:26:07"
"1071","-101","35","15:25:15","15:26:07"
"1168","-136","-34","15:25:15","15:26:07"
"1317","-188","-238","15:25:15","15:26:07"
"1265","-99","-481","15:25:15","15:26:07"
"1074","76","-365","15:25:15","15:26:07"
"927","266","-200","15:25:15","15:26:07"
"874","416","-113","15:25:15","15:26:07"
"828","504","-209","15:25:15","15:26:07"
"777","377","-256","15:25:15","15:26:07"
"744","142","-242","15:25:15","15:26:07"
"755","-161","-97","15:25:15","15:26:07"
"801","-43","-59","15:25:15","15:26:07"
"910","206","-110","15:25:15","15:26:07"
"1065","470","-213","15:25:15","15:26:07"
"1205","649","-20","15:25:15","15:26:07"
"1170","544","330","15:25:15","15:26:07"
"1176","447","574","15:25:15","15:26:07"
"1239","449","520","15:25:15","15:26:07"
"1160","593","-19","15:25:15","15:26:07"
"1011","564","-127","15:25:15","15:26:07"
"938","443","-147","15:25:15","15:26:07"
"958","297","-188","15:25:15","15:26:07"
"881","255","-317","15:25:15","15:26:07"
"760","374","-327","15:25:15","15:26:07"
"708","473","-315","15:25:15","15:26:07"
"767","482","-283","15:25:15","15:26:07"
"1012","307","-85","15:25:15","15:26:07"
"1120","212","36","15:25:15","15:26:07"
"1224","126","101","15:25:15","15:26:07"
"1320","-42","15","15:25:15","15:26:07"
"1253","-86","-65","15:25:15","15:26:07"
"1178","-70","-135","15:25:15","15:26:07"
"1188","-16","-215","15:25:15","15:26:07"
"1317","14","-453","15:25:15","15:26:07"
"1233","7","-508","15:25:15","15:26:07"
"1067","42","-454","15:25:15","15:26:07"
"936","104","-337","15:25:15","15:26:07"
"878","211","-213","15:25:15","15:26:07"
"836","331","-206","15:25:15","15:26:07"
"776","462","-185","15:25:15","15:26:07"
"748","431","-154","15:25:15","15:26:07"
"786","-175","-95","15:25:15","15:26:07"
"859","-287","-72","15:25:15","15:26:07"
"1037","-65","-93","15:25:15","15:26:07"
"1282","319","-175","15:25:15","15:26:07"
"1296","652","-197","15:25:15","15:26:07"
"1014","532","-23","15:25:15","15:26:07"
"837","385","143","15:25:15","15:26:07"
"1155","321","36","15:25:15","15:26:07"
"1280","344","-111","15:25:15","15:26:07"
"1197","326","-173","15:25:15","15:26:07"
"1016","255","-157","15:25:15","15:26:07"
"901","111","-147","15:25:15","15:26:07"
"932","128","-151","15:25:15","15:26:07"
"924","211","-113","15:25:15","15:26:07"
"894","319","-42","15:25:15","15:26:07"
"984","423","23","15:25:15","15:26:07"
"1098","380","-2","15:25:15","15:26:07"
"1203","299","-45","15:25:15","15:26:07"
"1284","217","-94","15:25:15","15:26:07"
"1314","77","-182","15:25:15","15:26:07"
"1244","23","-184","15:25:15","15:26:07"
"1191","3","-158","15:25:15","15:26:07"
"1223","3","-145","15:25:15","15:26:07"
"1333","-68","-248","15:25:15","15:26:07"
"1217","-100","-290","15:25:15","15:26:07"
"1029","-83","-270","15:25:15","15:26:07"
"882","-80","-203","15:25:15","15:26:07"
"766","-273","-109","15:25:15","15:26:07"
"722","-217","-131","15:25:15","15:26:07"
"710","73","-179","15:25:15","15:26:07"
"882","474","-209","15:25:15","15:26:07"
"1009","296","-198","15:25:15","15:26:07"
"1126","111","-215","15:25:15","15:26:07"
"1220","107","-252","15:25:15","15:26:07"
"1209","291","-167","15:25:15","15:26:07"
"1080","352","-18","15:25:15","15:26:07"
"956","462","102","15:25:15","15:26:07"
"932","551","119","15:25:15","15:26:07"
"1103","237","-26","15:25:15","15:26:07"
"1088","19","-20","15:25:15","15:26:07"
"975","-21","64","15:25:15","15:26:07"
"865","104","172","15:25:15","15:26:07"
"906","402","300","15:25:15","15:26:07"
"965","410","319","15:25:15","15:26:07"
"988","310","309","15:25:15","15:26:07"
"1001","186","254","15:25:15","15:26:07"
"1116","200","107","15:25:15","15:26:07"
"1192","270","119","15:25:15","15:26:07"
"1240","261","207","15:25:15","15:26:07"
"1150","173","456","15:25:15","15:26:07"
"1065","205","522","15:25:15","15:26:07"
"1060","211","466","15:25:15","15:26:07"
"1144","117","261","15:25:15","15:26:07"
"1162","-101","-222","15:25:15","15:26:07"
"991","-52","-270","15:25:15","15:26:07"
"817","55","-219","15:25:15","15:26:07"
"734","128","-185","15:25:15","15:26:07"
"737","186","-214","15:25:15","15:26:07"
"716","245","-143","15:25:15","15:26:07"
"671","283","-20","15:25:15","15:26:07"
"626","239","70","15:25:15","15:26:07"
"714","13","119","15:25:15","15:26:07"
"976","39","187","15:25:15","15:26:07"
"1356","232","285","15:25:15","15:26:07"
"1663","466","366","15:25:15","15:26:07"
"1468","308","495","15:25:15","15:26:07"
"1191","-27","562","15:25:15","15:26:07"
"1092","-209","580","15:25:15","15:26:07"
"1223","175","442","15:25:15","15:26:07"
"1134","369","377","15:25:15","15:26:07"
"965","335","336","15:25:15","15:26:07"
"865","155","279","15:25:15","15:26:07"
"890","124","74","15:25:15","15:26:07"
"844","315","35","15:25:15","15:26:07"
"768","439","83","15:25:15","15:26:07"
"759","411","140","15:25:15","15:26:07"
"995","189","-36","15:25:15","15:26:07"
"1111","122","-168","15:25:15","15:26:07"
"1170","61","-195","15:25:15","15:26:07"
"1156","-113","-35","15:25:15","15:26:07"
"1135","-166","15","15:25:15","15:26:07"
"1164","-168","30","15:25:15","15:26:07"
"1254","-147","27","15:25:15","15:26:07"
"1365","-139","-57","15:25:15","15:26:07"
"1296","-117","-151","15:25:15","15:26:07"
"1220","-57","-249","15:25:15","15:26:07"
"1206","20","-305","15:25:15","15:26:07"
"1231","99","-189","15:25:15","15:26:07"
"1159","106","-76","15:25:15","15:26:07"
"1057","87","-9","15:25:15","15:26:07"
"988","-10","-3","15:25:15","15:26:07"
"1015","-396","43","15:25:15","15:26:07"
"1090","-412","175","15:25:15","15:26:07"
"1171","-176","362","15:25:15","15:26:07"
"1190","211","562","15:25:15","15:26:07"
"929","715","820","15:25:15","15:26:07"
"865","669","769","15:25:15","15:26:07"
"986","497","598","15:25:15","15:26:07"
"1270","238","313","15:25:15","15:26:07"
"1151","309","292","15:25:15","15:26:07"
"948","467","248","15:25:15","15:26:07"
"823","562","106","15:25:15","15:26:07"
"877","283","-233","15:25:15","15:26:07"
"903","130","-263","15:25:15","15:26:07"
"892","144","-214","15:25:15","15:26:07"
"893","261","-156","15:25:15","15:26:07"
"1042","236","-108","15:25:15","15:26:07"
"1141","90","-72","15:25:15","15:26:07"
"1200","6","1","15:25:15","15:26:07"
"1186","145","167","15:25:15","15:26:07"
"1143","257","161","15:25:15","15:26:07"
"1089","313","64","15:25:15","15:26:07"
"1040","287","-78","15:25:15","15:26:07"
"1102","116","-271","15:25:15","15:26:07"
"1190","88","-296","15:25:15","15:26:07"
"1217","125","-300","15:25:15","15:26:07"
"1135","189","-279","15:25:15","15:26:07"
"875","284","-156","15:25:15","15:26:07"
"832","310","-120","15:25:15","15:26:07"
"835","306","-138","15:25:15","15:26:07"
"842","221","-186","15:25:15","15:26:07"
"909","-217","-196","15:25:15","15:26:07"
"1023","-338","-145","15:25:15","15:26:07"
"1171","-222","-91","15:25:15","15:26:07"
"1383","445","44","15:25:15","15:26:07"
"1362","641","169","15:25:15","15:26:07"
"1256","559","284","15:25:15","15:26:07"
"1145","219","314","15:25:15","15:26:07"
"1131","-315","138","15:25:15","15:26:07"
"1104","-118","98","15:25:15","15:26:07"
"977","227","128","15:25:15","15:26:07"
"829","421","149","15:25:15","15:26:07"
"820","196","-3","15:25:15","15:26:07"
"893","110","-89","15:25:15","15:26:07"
"922","124","-124","15:25:15","15:26:07"
"914","139","-170","15:25:15","15:26:07"
"963","24","-228","15:25:15","15:26:07"
"1053","-27","-288","15:25:15","15:26:07"
"1171","-62","-334","15:25:15","15:26:07"
"1353","-147","-397","15:25:15","15:26:07"
"1312","-164","-406","15:25:15","15:26:07"
"1182","-135","-380","15:25:15","15:26:07"
"1062","-67","-316","15:25:15","15:26:07"
"1149","74","-152","15:25:15","15:26:07"
"1216","109","-93","15:25:15","15:26:07"
"1161","133","-58","15:25:15","15:26:07"
"1023","177","-42","15:25:15","15:26:07"
"925","290","-80","15:25:15","15:26:07"
"967","216","-158","15:25:15","15:26:07"
"954","-34","-249","15:25:15","15:26:07"
"827","-597","-178","15:25:15","15:26:07"
"971","-446","-23","15:25:15","15:26:07"
"1318","0","30","15:25:15","15:26:07"
"1673","391","-81","15:25:15","15:26:07"
"1509","259","-145","15:25:15","15:26:07"
"1114","130","126","15:25:15","15:26:07"
"892","164","379","15:25:15","15:26:07"
"947","201","414","15:25:15","15:26:07"
"1156","31","154","15:25:15","15:26:07"
"1023","88","155","15:25:15","15:26:07"
"836","230","214","15:25:15","15:26:07"
"736","248","227","15:25:15","15:26:07"
"873","-71","75","15:25:15","15:26:07"
"967","-24","36","15:25:15","15:26:07"
"1014","172","85","15:25:15","15:26:07"
"1085","210","237","15:25:15","15:26:07"
"1175","34","185","15:25:15","15:26:07"
"1261","-89","64","15:25:15","15:26:07"
"1283","-128","-35","15:25:15","15:26:07"
"1172","-158","-54","15:25:15","15:26:07"
"1157","-169","-64","15:25:15","15:26:07"
"1176","-159","-110","15:25:15","15:26:07"
"1163","-134","-154","15:25:15","15:26:07"
"990","2","-60","15:25:15","15:26:07"
"918","140","57","15:25:15","15:26:07"
"880","302","133","15:25:15","15:26:07"
"810","509","1","15:25:15","15:26:07"
"796","453","-97","15:25:15","15:26:07"
"844","294","-113","15:25:15","15:26:07"
"964","117","-65","15:25:15","15:26:07"
"1269","-40","-82","15:25:15","15:26:07"
"1328","-45","-124","15:25:15","15:26:07"
"1284","-9","-68","15:25:15","15:26:07"
"1124","328","246","15:25:15","15:26:07"
"1114","539","303","15:25:15","15:26:07"
"1111","600","299","15:25:15","15:26:07"
"1064","451","336","15:25:15","15:26:07"
"944","41","443","15:25:15","15:26:07"
"947","75","336","15:25:15","15:26:07"
"974","232","182","15:25:15","15:26:07"
"994","336","120","15:25:15","15:26:07"
"1032","141","171","15:25:15","15:26:07"
"1072","57","52","15:25:15","15:26:07"
"1110","113","-111","15:25:15","15:26:07"
"1127","239","-154","15:25:15","15:26:07"
"1066","279","110","15:25:15","15:26:07"
"1002","227","168","15:25:15","15:26:07"
"973","215","150","15:25:15","15:26:07"
"1028","222","140","15:25:15","15:26:07"
"1243","103","153","15:25:15","15:26:07"
"1244","17","112","15:25:15","15:26:07"
"1166","-23","57","15:25:15","15:26:07"
"1084","-21","10","15:25:15","15:26:07"
"1019","23","-82","15:25:15","15:26:07"
"984","57","-114","15:25:15","15:26:07"
"955","86","-122","15:25:15","15:26:07"
"1045","54","-119","15:25:15","15:26:07"
"1120","49","-104","15:25:15","15:26:07"
"1124","106","-47","15:25:15","15:26:07"
"1028","179","51","15:25:15","15:26:07"
"860","-5","206","15:25:15","15:26:07"
"972","-174","192","15:25:15","15:26:07"
"1145","-152","143","15:25:15","15:26:07"
"1219","138","114","15:25:15","15:26:07"
"957","820","184","15:25:15","15:26:07"
"844","797","212","15:25:15","15:26:07"
"843","560","212","15:25:15","15:26:07"
"907","318","217","15:25:15","15:26:07"
"1017","164","315","15:25:15","15:26:07"
"1074","136","353","15:25:15","15:26:07"
"1149","84","339","15:25:15","15:26:07"
"1227","-136","229","15:25:15","15:26:07"
"1214","-282","166","15:25:15","15:26:07"
"1176","-304","87","15:25:15","15:26:07"
"1086","-128","19","15:25:15","15:26:07"
"781","253","100","15:25:15","15:26:07"
"743","166","181","15:25:15","15:26:07"
"832","-1","197","15:25:15","15:26:07"
"944","-79","178","15:25:15","15:26:07"
"956","26","276","15:25:15","15:26:07"
"953","2","305","15:25:15","15:26:07"
"1005","-80","223","15:25:15","15:26:07"
"1086","-8","-47","15:25:15","15:26:07"
"1082","183","-75","15:25:15","15:26:07"
"1097","360","-52","15:25:15","15:26:07"
"1130","447","-45","15:25:15","15:26:07"
"1091","477","-70","15:25:15","15:26:07"
"1026","553","-2","15:25:15","15:26:07"
"967","668","120","15:25:15","15:26:07"
"900","754","223","15:25:15","15:26:07"
"692","749","202","15:25:15","15:26:07"
"632","745","150","15:25:15","15:26:07"
"618","769","133","15:25:15","15:26:07"
"443","789","143","15:25:15","15:26:07"
"241","816","161","15:25:15","15:26:07"
"69","890","259","15:25:15","15:26:07"
"12","947","422","15:25:15","15:26:07"
"131","833","350","15:25:15","15:26:07"
"137","800","34","15:25:15","15:26:07"
"106","857","-215","15:25:15","15:26:07"
"138","934","-258","15:25:15","15:26:07"
"397","954","-139","15:25:15","15:26:07"
"414","970","-158","15:25:15","15:26:07"
"315","1014","-156","15:25:15","15:26:07"
"216","1041","-109","15:25:15","15:26:07"
"323","987","-142","15:25:15","15:26:07"
"424","954","-213","15:25:15","15:26:07"
"449","938","-210","15:25:15","15:26:07"
"399","935","-128","15:25:15","15:26:07"
"248","956","-13","15:25:15","15:26:07"
"188","974","-45","15:25:15","15:26:07"
"156","973","-124","15:25:15","15:26:07"
"217","854","-395","15:25:15","15:26:07"
"251","779","-509","15:25:15","15:26:07"
"239","751","-543","15:25:15","15:26:07"
"201","775","-518","15:25:15","15:26:07"
"173","820","-493","15:25:15","15:26:07"
"165","809","-512","15:25:15","15:26:07"
"132","806","-527","15:25:15","15:26:07"
"90","817","-520","15:25:15","15:26:07"
"46","917","-291","15:25:15","15:26:07"
"5","1096","-22","15:25:15","15:26:07"
"-73","1311","252","15:25:15","15:26:07"
"-127","1232","199","15:25:15","15:26:07"
"-5","978","-156","15:25:15","15:26:07"
"143","842","-470","15:25:15","15:26:07"
"228","858","-547","15:25:15","15:26:07"
"406","857","-209","15:25:15","15:26:07"
"678","850","-134","15:25:15","15:26:07"
"923","926","-181","15:25:15","15:26:07"
"898","982","-263","15:25:15","15:26:07"
"274","769","-356","15:25:15","15:26:07"
"176","734","-421","15:25:15","15:26:07"
"236","848","-511","15:25:15","15:26:07"
"223","982","-572","15:25:15","15:26:07"
"-137","937","-407","15:25:15","15:26:07"
"-189","879","-278","15:25:15","15:26:07"
"-98","897","-236","15:25:15","15:26:07"
"29","955","-264","15:25:15","15:26:07"
"137","979","-198","15:25:15","15:26:07"
"137","988","-90","15:25:15","15:26:07"
"119","1018","6","15:25:15","15:26:07"
"49","969","96","15:25:15","15:26:07"
"72","910","38","15:25:15","15:26:07"
"194","867","-119","15:25:15","15:26:07"
"388","778","-338","15:25:15","15:26:07"
"590","299","-701","15:25:15","15:26:07"
"475","193","-781","15:25:15","15:26:07"
"286","399","-802","15:25:15","15:26:07"
"113","780","-800","15:25:15","15:26:07"
"-78","866","-911","15:25:15","15:26:07"
"-142","573","-1025","15:25:15","15:26:07"
"-202","430","-1109","15:25:15","15:26:07"
"-59","701","-1152","15:25:15","15:26:07"
"279","775","-1167","15:25:15","15:26:07"
"721","779","-1149","15:25:15","15:26:07"
"1087","847","-1035","15:25:15","15:26:07"
"1194","1234","-544","15:25:15","15:26:07"
"1051","1322","-323","15:25:15","15:26:07"
"907","1245","-227","15:25:15","15:26:07"
"771","1085","-267","15:25:15","15:26:07"
"404","904","-460","15:25:15","15:26:07"
"210","882","-500","15:25:15","15:26:07"
"67","847","-544","15:25:15","15:26:07"
"-21","795","-644","15:25:15","15:26:07"
"-122","669","-897","15:25:15","15:26:07"
"-144","587","-922","15:25:15","15:26:07"
"-148","506","-886","15:25:15","15:26:07"
"-152","443","-843","15:25:15","15:26:07"
"-209","357","-759","15:25:15","15:26:07"
"-242","354","-679","15:25:15","15:26:07"
"-260","449","-587","15:25:15","15:26:07"
"-312","989","-333","15:25:15","15:26:07"
"-370","1206","-162","15:25:15","15:26:07"
"-418","1204","-65","15:25:15","15:26:07"
"-425","1014","-108","15:25:15","15:26:07"
"-356","656","-212","15:25:15","15:26:07"
"-314","657","-79","15:25:15","15:26:07"
"-234","790","75","15:25:15","15:26:07"
"-98","1012","119","15:25:15","15:26:07"
"165","1180","-80","15:25:15","15:26:07"
"192","983","-152","15:25:15","15:26:07"
"164","806","-142","15:25:15","15:26:07"
"118","824","-61","15:25:15","15:26:07"
"8","1128","124","15:25:15","15:26:07"
"-54","1129","160","15:25:15","15:26:07"
"-96","1058","160","15:25:15","15:26:07"
"-101","1009","140","15:25:15","15:26:07"
"-32","974","82","15:25:15","15:26:07"
"6","938","57","15:25:15","15:26:07"
"48","911","33","15:25:15","15:26:07"
"142","922","-54","15:25:15","15:26:07"
"152","936","-107","15:25:15","15:26:07"
"124","966","-132","15:25:15","15:26:07"
"88","1018","-123","15:25:15","15:26:07"
"112","1045","-92","15:25:15","15:26:07"
"138","966","-84","15:25:15","15:26:07"
"123","883","-65","15:25:15","15:26:07"
"73","866","-34","15:25:15","15:26:07"
"-21","1001","5","15:25:15","15:26:07"
"-48","1047","14","15:25:15","15:26:07"
"-74","1045","32","15:25:15","15:26:07"
"-94","1011","61","15:25:15","15:26:07"
"-84","946","110","15:25:15","15:26:07"
"-75","947","118","15:25:15","15:26:07"
"-86","975","113","15:25:15","15:26:07"
"-119","1013","94","15:25:15","15:26:07"
"-194","1029","45","15:25:15","15:26:07"
"-219","999","36","15:25:15","15:26:07"
"-245","973","35","15:25:15","15:26:07"
"-279","974","25","15:25:15","15:26:07"
"-334","1011","-34","15:25:15","15:26:07"
"-334","997","-64","15:25:15","15:26:07"
"-314","968","-83","15:25:15","15:26:07"
"-260","952","-96","15:25:15","15:26:07"
"-240","963","-99","15:25:15","15:26:07"
"-229","962","-101","15:25:15","15:26:07"
"-220","951","-98","15:25:15","15:26:07"
"-162","955","-61","15:25:15","15:26:07"
"-103","965","-42","15:25:15","15:26:07"
"-49","960","-35","15:25:15","15:26:07"
"-22","943","-37","15:25:15","15:26:07"
"-39","958","-32","15:25:15","15:26:07"
"-59","1005","-23","15:25:15","15:26:07"
"-86","1039","-21","15:25:15","15:26:07"
"-116","1034","-28","15:25:15","15:26:07"
"-99","988","-50","15:25:15","15:26:07"
"-55","1004","-47","15:25:15","15:26:07"
"-32","1027","-34","15:25:15","15:26:07"
"-52","1022","-15","15:25:15","15:26:07"
"-144","956","5","15:25:15","15:26:07"
"-160","952","-11","15:25:15","15:26:07"
"-151","975","-46","15:25:15","15:26:07"
"-147","1025","-122","15:25:15","15:26:07"
"-172","1019","-137","15:25:15","15:26:07"
"-192","992","-136","15:25:15","15:26:07"
"-186","964","-125","15:25:15","15:26:07"
"-140","971","-112","15:25:15","15:26:07"
"-142","985","-117","15:25:15","15:26:07"
"-158","983","-120","15:25:15","15:26:07"
"-172","970","-109","15:25:15","15:26:07"
"-179","955","-56","15:25:15","15:26:07"
"-178","962","-45","15:25:15","15:26:07"
"-167","973","-59","15:25:15","15:26:07"
"-141","988","-92","15:25:15","15:26:07"
"-117","1007","-160","15:25:15","15:26:07"
"-151","1006","-180","15:25:15","15:26:07"
"-192","1009","-194","15:25:15","15:26:07"
"-208","1024","-202","15:25:15","15:26:07"
"-181","1004","-197","15:25:15","15:26:07"
"-165","929","-180","15:25:15","15:26:07"
"-131","843","-155","15:25:15","15:26:07"
"-8","825","-108","15:25:15","15:26:07"
"16","935","-110","15:25:15","15:26:07"
"-8","1090","-138","15:25:15","15:26:07"
"-58","1206","-189","15:25:15","15:26:07"
"-97","1091","-309","15:25:15","15:26:07"
"-59","973","-334","15:25:15","15:26:07"
"1","938","-317","15:25:15","15:26:07"
"57","963","-278","15:25:15","15:26:07"
"109","918","-241","15:25:15","15:26:07"
"132","880","-236","15:25:15","15:26:07"
"179","899","-209","15:25:15","15:26:07"
"248","949","-153","15:25:15","15:26:07"
"398","915","50","15:25:15","15:26:07"
"457","825","196","15:25:15","15:26:07"
"495","743","356","15:25:15","15:26:07"
"506","699","500","15:25:15","15:26:07"
"462","777","655","15:25:15","15:26:07"
"433","872","665","15:25:15","15:26:07"
"421","945","642","15:25:15","15:26:07"
"432","958","599","15:25:15","15:26:07"
"482","871","500","15:25:15","15:26:07"
"479","854","467","15:25:15","15:26:07"
"444","866","449","15:25:15","15:26:07"
"345","882","410","15:25:15","15:26:07"
"319","875","372","15:25:15","15:26:07"
"315","876","321","15:25:15","15:26:07"
"325","898","261","15:25:15","15:26:07"
"325","967","147","15:25:15","15:26:07"
"274","979","106","15:25:15","15:26:07"
"199","960","93","15:25:15","15:26:07"
"144","924","122","15:25:15","15:26:07"
"164","892","242","15:25:15","15:26:07"
"201","895","265","15:25:15","15:26:07"
"230","890","252","15:25:15","15:26:07"
"252","879","240","15:25:15","15:26:07"
"260","892","300","15:25:15","15:26:07"
"247","910","325","15:25:15","15:26:07"
"232","918","316","15:25:15","15:26:07"
"213","925","292","15:25:15","15:26:07"
"153","964","331","15:25:15","15:26:07"
"134","970","372","15:25:15","15:26:07"
"143","945","375","15:25:15","15:26:07"
"188","901","286","15:25:15","15:26:07"
"184","924","249","15:25:15","15:26:07"
"168","956","224","15:25:15","15:26:07"
"156","973","197","15:25:15","15:26:07"
"158","964","136","15:25:15","15:26:07"
"161","966","128","15:25:15","15:26:07"
"163","974","135","15:25:15","15:26:07"
"164","982","143","15:25:15","15:26:07"
"162","988","142","15:25:15","15:26:07"
"169","982","155","15:25:15","15:26:07"
"178","973","188","15:25:15","15:26:07"
"179","967","228","15:25:15","15:26:07"
"130","968","249","15:25:15","15:26:07"
"104","970","222","15:25:15","15:26:07"
"99","969","192","15:25:15","15:26:07"
"112","970","174","15:25:15","15:26:07"
"133","973","183","15:25:15","15:26:07"
"124","969","186","15:25:15","15:26:07"
"114","966","179","15:25:15","15:26:07"
"119","971","157","15:25:15","15:26:07"
"123","974","161","15:25:15","15:26:07"
"121","972","173","15:25:15","15:26:07"
"119","967","186","15:25:15","15:26:07"
"136","964","198","15:25:15","15:26:07"
"146","967","206","15:25:15","15:26:07"
"151","968","219","15:25:15","15:26:07"
"149","965","233","15:25:15","15:26:07"
"146","954","249","15:25:15","15:26:07"
"143","952","250","15:25:15","15:26:07"
"137","953","247","15:25:15","15:26:07"
"131","955","243","15:25:15","15:26:07"
"136","957","238","15:25:15","15:26:07"
"143","959","238","15:25:15","15:26:07"
"146","960","236","15:25:15","15:26:07"
"145","960","230","15:25:15","15:26:07"
"136","957","204","15:25:15","15:26:07"
"126","961","182","15:25:15","15:26:07"
"116","970","158","15:25:15","15:26:07"
"113","978","148","15:25:15","15:26:07"
"136","958","212","15:25:15","15:26:07"
"143","942","251","15:25:15","15:26:07"
"140","945","252","15:25:15","15:26:07"
"138","984","164","15:25:15","15:26:07"
"141","986","147","15:25:15","15:26:07"
"135","972","169","15:25:15","15:26:07"
"122","959","205","15:25:15","15:26:07"
"128","966","214","15:25:15","15:26:07"
"149","970","206","15:25:15","15:26:07"
"161","965","213","15:25:15","15:26:07"
"152","955","232","15:25:15","15:26:07"
"132","951","239","15:25:15","15:26:07"
"146","956","224","15:25:15","15:26:07"
"167","962","210","15:25:15","15:26:07"
"181","968","200","15:25:15","15:26:07"
"183","974","184","15:25:15","15:26:07"
"183","973","183","15:25:15","15:26:07"
"179","966","194","15:25:15","15:26:07"
"165","958","216","15:25:15","15:26:07"
"136","952","249","15:25:15","15:26:07"
"142","953","246","15:25:15","15:26:07"
"157","952","241","15:25:15","15:26:07"
"168","944","258","15:25:15","15:26:07"
"166","941","273","15:25:15","15:26:07"
"164","942","278","15:25:15","15:26:07"
"162","945","269","15:25:15","15:26:07"
"156","953","231","15:25:15","15:26:07"
"157","955","209","15:25:15","15:26:07"
"160","958","189","15:25:15","15:26:07"
"158","964","172","15:25:15","15:26:07"
"147","967","158","15:25:15","15:26:07"
"148","965","152","15:25:15","15:26:07"
"153","968","140","15:25:15","15:26:07"
"160","974","127","15:25:15","15:26:07"
"173","978","154","15:25:15","15:26:07"
"180","970","196","15:25:15","15:26:07"
"188","958","232","15:25:15","15:26:07"
"195","947","241","15:25:15","15:26:07"
"208","934","203","15:25:15","15:26:07"
"208","934","187","15:25:15","15:26:07"
"201","940","178","15:25:15","15:26:07"
"171","951","143","15:25:15","15:26:07"
"157","954","121","15:25:15","15:26:07"
"152","964","107","15:25:15","15:26:07"
"151","982","102","15:25:15","15:26:07"
"142","1004","93","15:25:15","15:26:07"
"138","997","83","15:25:15","15:26:07"
"140","986","72","15:25:15","15:26:07"
"145","982","65","15:25:15","15:26:07"
"145","991","82","15:25:15","15:26:07"
"148","991","96","15:25:15","15:26:07"
"155","985","105","15:25:15","15:26:07"
"158","977","108","15:25:15","15:26:07"
"142","975","115","15:25:15","15:26:07"
"138","978","120","15:25:15","15:26:07"
"142","980","124","15:25:15","15:26:07"
"146","978","127","15:25:15","15:26:07"
"139","970","134","15:25:15","15:26:07"
"136","969","137","15:25:15","15:26:07"
"140","970","140","15:25:15","15:26:07"
"146","972","142","15:25:15","15:26:07"
"149","970","142","15:25:15","15:26:07"
"146","968","137","15:25:15","15:26:07"
"144","968","129","15:25:15","15:26:07"
"142","975","126","15:25:15","15:26:07"
"142","977","132","15:25:15","15:26:07"
"145","976","134","15:25:15","15:26:07"
"153","974","123","15:25:15","15:26:07"
"169","980","90","15:25:15","15:26:07"
"166","986","84","15:25:15","15:26:07"
"156","986","87","15:25:15","15:26:07"
"147","968","100","15:25:15","15:26:07"
"148","966","107","15:25:15","15:26:07"
"145","972","114","15:25:15","15:26:07"
"138","981","120","15:25:15","15:26:07"
"131","980","134","15:25:15","15:26:07"
"134","974","142","15:25:15","15:26:07"
"134","970","150","15:25:15","15:26:07"
"126","972","154","15:25:15","15:26:07"
"104","977","145","15:25:15","15:26:07"
"102","977","134","15:25:15","15:26:07"
"104","977","121","15:25:15","15:26:07"
"104","979","111","15:25:15","15:26:07"
"96","980","104","15:25:15","15:26:07"
"92","981","100","15:25:15","15:26:07"
"90","985","92","15:25:15","15:26:07"
"90","994","77","15:25:15","15:26:07"
"95","991","88","15:25:15","15:26:07"
"104","985","110","15:25:15","15:26:07"
"112","979","130","15:25:15","15:26:07"
"122","974","122","15:25:15","15:26:07"
"122","974","109","15:25:15","15:26:07"
"120","976","104","15:25:15","15:26:07"
"119","979","109","15:25:15","15:26:07"
"134","977","123","15:25:15","15:26:07"
"145","972","125","15:25:15","15:26:07"
"148","967","125","15:25:15","15:26:07"
"139","967","128","15:25:15","15:26:07"
"101","982","131","15:25:15","15:26:07"
"88","987","124","15:25:15","15:26:07"
"87","985","110","15:25:15","15:26:07"
"108","980","82","15:25:15","15:26:07"
"119","987","74","15:25:15","15:26:07"
"125","995","69","15:25:15","15:26:07"
"121","997","70","15:25:15","15:26:07"
"90","982","96","15:25:15","15:26:07"
"80","978","114","15:25:15","15:26:07"
"80","979","124","15:25:15","15:26:07"
"85","984","123","15:25:15","15:26:07"
"83","987","104","15:25:15","15:26:07"
"78","987","96","15:25:15","15:26:07"
"74","987","90","15:25:15","15:26:07"
"72","986","83","15:25:15","15:26:07"
"79","982","68","15:25:15","15:26:07"
"85","983","71","15:25:15","15:26:07"
"90","986","85","15:25:15","15:26:07"
"89","989","102","15:25:15","15:26:07"
"81","990","111","15:25:15","15:26:07"
"82","986","106","15:25:15","15:26:07"
"87","980","105","15:25:15","15:26:07"
"94","974","110","15:25:15","15:26:07"
"92","978","108","15:25:15","15:26:07"
"89","983","103","15:25:15","15:26:07"
"87","985","97","15:25:15","15:26:07"
"88","983","94","15:25:15","15:26:07"
"89","983","97","15:25:15","15:26:07"
"90","984","99","15:25:15","15:26:07"
"91","983","99","15:25:15","15:26:07"
"87","985","99","15:25:15","15:26:07"
"82","987","100","15:25:15","15:26:07"
"78","987","99","15:25:15","15:26:07"
"75","988","87","15:25:15","15:26:07"
"76","989","81","15:25:15","15:26:07"
"77","989","80","15:25:15","15:26:07"
"78","987","81","15:25:15","15:26:07"
"79","983","87","15:25:15","15:26:07"
"74","986","89","15:25:15","15:26:07"
"70","989","90","15:25:15","15:26:07"
"70","988","91","15:25:15","15:26:07"
"85","979","91","15:25:15","15:26:07"
"88","978","93","15:25:15","15:26:07"
"83","981","96","15:25:15","15:26:07"
"77","985","99","15:25:15","15:26:07"
"80","986","100","15:25:15","15:26:07"
"83","985","99","15:25:15","15:26:07"
"84","984","98","15:25:15","15:26:07"
"83","984","98","15:25:15","15:26:07"
"83","985","100","15:25:15","15:26:07"
"85","985","100","15:25:15","15:26:07"
"86","985","100","15:25:15","15:26:07"
"86","985","100","15:25:15","15:26:07"
"88","985","101","15:25:15","15:26:07"
"90","984","105","15:25:15","15:26:07"
"90","983","109","15:25:15","15:26:07"
"87","983","113","15:25:15","15:26:07"
"86","984","112","15:25:15","15:26:07"
"86","985","107","15:25:15","15:26:07"
"85","986","101","15:25:15","15:26:07"
"83","981","95","15:25:15","15:26:07"
"83","980","97","15:25:15","15:26:07"
"83","982","98","15:25:15","15:26:07"
"83","985","98","15:25:15","15:26:07"
"82","986","96","15:25:15","15:26:07"
"81","985","95","15:25:15","15:26:07"
"80","986","92","15:25:15","15:26:07"
"76","987","90","15:25:15","15:26:07"
"53","983","112","15:25:15","15:26:07"
"38","979","127","15:25:15","15:26:07"
"30","975","132","15:25:15","15:26:07"
"49","977","116","15:25:15","15:26:07"
"64","982","105","15:25:15","15:26:07"
"70","988","101","15:25:15","15:26:07"
"65","991","105","15:25:15","15:26:07"
"65","982","116","15:25:15","15:26:07"
"75","976","114","15:25:15","15:26:07"
"83","974","111","15:25:15","15:26:07"
"88","977","116","15:25:15","15:26:07"
"112","982","147","15:25:15","15:26:07"
"136","976","151","15:25:15","15:26:07"
"158","966","142","15:25:15","15:26:07"
"170","962","130","15:25:15","15:26:07"
"142","976","140","15:25:15","15:26:07"
"112","985","161","15:25:15","15:26:07"
"94","989","178","15:25:15","15:26:07"
"104","984","188","15:25:15","15:26:07"
"187","954","206","15:25:15","15:26:07"
"221","937","224","15:25:15","15:26:07"
"230","927","239","15:25:15","15:26:07"
"227","924","239","15:25:15","15:26:07"
"242","935","194","15:25:15","15:26:07"
"253","949","163","15:25:15","15:26:07"
"248","966","132","15:25:15","15:26:07"
"203","979","63","15:25:15","15:26:07"
"184","972","22","15:25:15","15:26:07"
"172","969","-20","15:25:15","15:26:07"
"164","982","-55","15:25:15","15:26:07"
"135","1036","-70","15:25:15","15:26:07"
"116","1043","-57","15:25:15","15:26:07"
"93","1026","-45","15:25:15","15:26:07"
"64","1004","-41","15:25:15","15:26:07"
"-6","1017","-56","15:25:15","15:26:07"
"-14","1034","-75","15:25:15","15:26:07"
"12","1031","-88","15:25:15","15:26:07"
"58","1008","-78","15:25:15","15:26:07"
"114","966","30","15:25:15","15:26:07"
"110","960","88","15:25:15","15:26:07"
"101","959","118","15:25:15","15:26:07"
"95","961","119","15:25:15","15:26:07"
"93","969","92","15:25:15","15:26:07"
"92","968","93","15:25:15","15:26:07"
"98","958","108","15:25:15","15:26:07"
"147","954","157","15:25:15","15:26:07"
"140","981","187","15:25:15","15:26:07"
"68","1011","215","15:25:15","15:26:07"
"-47","1020","223","15:25:15","15:26:07"
"-138","959","147","15:25:15","15:26:07"
"-73","938","91","15:25:15","15:26:07"
"-2","950","49","15:25:15","15:26:07"
"34","981","24","15:25:15","15:26:07"
"28","1024","31","15:25:15","15:26:07"
"1","1021","59","15:25:15","15:26:07"
"-32","1013","79","15:25:15","15:26:07"
"-15","996","35","15:25:15","15:26:07"
"42","986","6","15:25:15","15:26:07"
"83","980","12","15:25:15","15:26:07"
"82","984","48","15:25:15","15:26:07"
"38","1004","94","15:25:15","15:26:07"
"49","999","86","15:25:15","15:26:07"
"76","987","80","15:25:15","15:26:07"
"98","979","90","15:25:15","15:26:07"
"115","982","111","15:25:15","15:26:07"
"121","982","99","15:25:15","15:26:07"
"118","978","83","15:25:15","15:26:07"
"101","972","78","15:25:15","15:26:07"
"78","966","101","15:25:15","15:26:07"
"103","965","110","15:25:15","15:26:07"
"143","964","115","15:25:15","15:26:07"
"174","960","121","15:25:15","15:26:07"
"182","950","131","15:25:15","15:26:07"
"163","958","126","15:25:15","15:26:07"
"132","977","111","15:25:15","15:26:07"
"85","1005","22","15:25:15","15:26:07"
"102","1004","-47","15:25:15","15:26:07"
"137","996","-99","15:25:15","15:26:07"
"161","986","-108","15:25:15","15:26:07"
"132","987","-31","15:25:15","15:26:07"
"111","1001","-16","15:25:15","15:26:07"
"105","1010","-38","15:25:15","15:26:07"
"108","998","-83","15:25:15","15:26:07"
"104","990","-55","15:25:15","15:26:07"
"103","986","-8","15:25:15","15:26:07"
"102","982","27","15:25:15","15:26:07"
"78","973","16","15:25:15","15:26:07"
"65","978","-11","15:25:15","15:26:07"
"65","986","-35","15:25:15","15:26:07"
"79","992","-48","15:25:15","15:26:07"
"114","996","-67","15:25:15","15:26:07"
"114","993","-79","15:25:15","15:26:07"
"94","984","-81","15:25:15","15:26:07"
"67","975","-63","15:25:15","15:26:07"
"59","978","4","15:25:15","15:26:07"
"84","984","21","15:25:15","15:26:07"
"95","982","14","15:25:15","15:26:07"
"66","972","-10","15:25:15","15:26:07"
"-42","973","-38","15:25:15","15:26:07"
"-38","992","-12","15:25:15","15:26:07"
"4","1000","31","15:25:15","15:26:07"
"37","983","63","15:25:15","15:26:07"
"31","942","11","15:25:15","15:26:07"
"73","960","-63","15:25:15","15:26:07"
"154","993","-132","15:25:15","15:26:07"
"216","1016","-157","15:25:15","15:26:07"
"159","999","-119","15:25:15","15:26:07"
"103","978","-84","15:25:15","15:26:07"
"79","965","-78","15:25:15","15:26:07"
"34","974","-174","15:25:15","15:26:07"
"0","982","-245","15:25:15","15:26:07"
"-7","990","-299","15:25:15","15:26:07"
"16","1006","-316","15:25:15","15:26:07"
"31","1037","-291","15:25:15","15:26:07"
"23","1026","-300","15:25:15","15:26:07"
"39","1005","-325","15:25:15","15:26:07"
"75","989","-332","15:25:15","15:26:07"
"144","970","-213","15:25:15","15:26:07"
"197","959","-113","15:25:15","15:26:07"
"255","957","-3","15:25:15","15:26:07"
"274","963","115","15:25:15","15:26:07"
"195","917","285","15:25:15","15:26:07"
"191","873","275","15:25:15","15:26:07"
"220","867","218","15:25:15","15:26:07"
"217","967","117","15:25:15","15:26:07"
"199","997","70","15:25:15","15:26:07"
"216","990","0","15:25:15","15:26:07"
"258","973","-82","15:25:15","15:26:07"
"184","997","-142","15:25:15","15:26:07"
"-7","1028","-88","15:25:15","15:26:07"
"-246","1044","-2","15:25:15","15:26:07"
"-418","1036","78","15:25:15","15:26:07"
"-319","981","103","15:25:15","15:26:07"
"-155","969","35","15:25:15","15:26:07"
"-31","977","-54","15:25:15","15:26:07"
"28","997","-134","15:25:15","15:26:07"
"69","1013","-195","15:25:15","15:26:07"
"75","1002","-175","15:25:15","15:26:07"
"64","983","-135","15:25:15","15:26:07"
"43","963","-86","15:25:15","15:26:07"
"62","923","-1","15:25:15","15:26:07"
"118","918","29","15:25:15","15:26:07"
"181","933","59","15:25:15","15:26:07"
"223","959","96","15:25:15","15:26:07"
"222","950","175","15:25:15","15:26:07"
"236","908","183","15:25:15","15:26:07"
"289","883","164","15:25:15","15:26:07"
"376","973","131","15:25:15","15:26:07"
"345","1043","139","15:25:15","15:26:07"
"281","1076","149","15:25:15","15:26:07"
"223","1051","154","15:25:15","15:26:07"
"212","916","162","15:25:15","15:26:07"
"265","878","169","15:25:15","15:26:07"
"329","884","172","15:25:15","15:26:07"
"370","920","170","15:25:15","15:26:07"
"344","978","152","15:25:15","15:26:07"
"317","976","138","15:25:15","15:26:07"
"302","963","125","15:25:15","15:26:07"
"292","950","117","15:25:15","15:26:07"
"261","948","121","15:25:15","15:26:07"
"255","953","126","15:25:15","15:26:07"
"260","952","135","15:25:15","15:26:07"
"265","939","151","15:25:15","15:26:07"
"266","903","187","15:25:15","15:26:07"
"271","912","198","15:25:15","15:26:07"
"269","943","209","15:25:15","15:26:07"
"186","989","235","15:25:15","15:26:07"
"127","971","239","15:25:15","15:26:07"
"103","934","227","15:25:15","15:26:07"
"133","902","197","15:25:15","15:26:07"
"249","918","125","15:25:15","15:26:07"
"268","957","100","15:25:15","15:26:07"
"267","991","79","15:25:15","15:26:07"
"263","1008","59","15:25:15","15:26:07"
"227","995","41","15:25:15","15:26:07"
"188","975","47","15:25:15","15:26:07"
"165","952","53","15:25:15","15:26:07"
"174","939","51","15:25:15","15:26:07"
"238","964","31","15:25:15","15:26:07"
"266","983","30","15:25:15","15:26:07"
"281","990","46","15:25:15","15:26:07"
"263","989","76","15:25:15","15:26:07"
"132","986","129","15:25:15","15:26:07"
"89","976","126","15:25:15","15:26:07"
"106","956","105","15:25:15","15:26:07"
"227","942","51","15:25:15","15:26:07"
"259","963","39","15:25:15","15:26:07"
"256","983","45","15:25:15","15:26:07"
"229","986","71","15:25:15","15:26:07"
"168","958","138","15:25:15","15:26:07"
"159","955","150","15:25:15","15:26:07"
"167","964","141","15:25:15","15:26:07"
"183","973","126","15:25:15","15:26:07"
"212","968","119","15:25:15","15:26:07"
"215","961","126","15:25:15","15:26:07"
"209","959","131","15:25:15","15:26:07"
"197","960","132","15:25:15","15:26:07"
"187","960","130","15:25:15","15:26:07"
"191","962","129","15:25:15","15:26:07"
"194","966","123","15:25:15","15:26:07"
"193","971","109","15:25:15","15:26:07"
"188","973","77","15:25:15","15:26:07"
"191","972","68","15:25:15","15:26:07"
"193","971","65","15:25:15","15:26:07"
"193","970","66","15:25:15","15:26:07"
"191","970","74","15:25:15","15:26:07"
"193","970","77","15:25:15","15:26:07"
"195","969","79","15:25:15","15:26:07"
"192","969","78","15:25:15","15:26:07"
"192","971","76","15:25:15","15:26:07"
"196","973","73","15:25:15","15:26:07"
"198","972","72","15:25:15","15:26:07"
"195","970","80","15:25:15","15:26:07"
"196","970","86","15:25:15","15:26:07"
"200","969","91","15:25:15","15:26:07"
"204","966","96","15:25:15","15:26:07"
"201","963","105","15:25:15","15:26:07"
"198","964","109","15:25:15","15:26:07"
"198","965","112","15:25:15","15:26:07"
"200","963","115","15:25:15","15:26:07"
"199","960","121","15:25:15","15:26:07"
"196","962","124","15:25:15","15:26:07"
"195","964","125","15:25:15","15:26:07"
"197","965","121","15:25:15","15:26:07"
"196","963","102","15:25:15","15:26:07"
"193","966","93","15:25:15","15:26:07"
"192","969","89","15:25:15","15:26:07"
"193","973","89","15:25:15","15:26:07"
"189","972","86","15:25:15","15:26:07"
"185","972","83","15:25:15","15:26:07"
"185","971","85","15:25:15","15:26:07"
"191","969","90","15:25:15","15:26:07"
"190","970","87","15:25:15","15:26:07"
"188","971","85","15:25:15","15:26:07"
"187","970","90","15:25:15","15:26:07"
"191","968","109","15:25:15","15:26:07"
"191","969","110","15:25:15","15:26:07"
"190","971","105","15:25:15","15:26:07"
"188","971","98","15:25:15","15:26:07"
"188","970","96","15:25:15","15:26:07"
"191","968","102","15:25:15","15:26:07"
"194","966","109","15:25:15","15:26:07"
"194","965","115","15:25:15","15:26:07"
"186","968","114","15:25:15","15:26:07"
"182","967","107","15:25:15","15:26:07"
"181","964","99","15:25:15","15:26:07"
"179","967","96","15:25:15","15:26:07"
"177","971","100","15:25:15","15:26:07"
"178","973","102","15:25:15","15:26:07"
"181","970","100","15:25:15","15:26:07"
"186","967","93","15:25:15","15:26:07"
"182","968","96","15:25:15","15:26:07"
"174","968","105","15:25:15","15:26:07"
"169","966","113","15:25:15","15:26:07"
"174","971","106","15:25:15","15:26:07"
"183","977","87","15:25:15","15:26:07"
"190","980","61","15:25:15","15:26:07"
"194","978","40","15:25:15","15:26:07"
"200","975","44","15:25:15","15:26:07"
"212","976","66","15:25:15","15:26:07"
"225","971","95","15:25:15","15:26:07"
"226","961","124","15:25:15","15:26:07"
"192","955","167","15:25:15","15:26:07"
"189","961","175","15:25:15","15:26:07"
"202","962","174","15:25:15","15:26:07"
"214","954","167","15:25:15","15:26:07"
"201","944","138","15:25:15","15:26:07"
"196","953","120","15:25:15","15:26:07"
"197","966","106","15:25:15","15:26:07"
"183","975","102","15:25:15","15:26:07"
"169","971","101","15:25:15","15:26:07"
"162","971","87","15:25:15","15:26:07"
"162","976","61","15:25:15","15:26:07"
"176","989","26","15:25:15","15:26:07"
"204","978","35","15:25:15","15:26:07"
"241","953","46","15:25:15","15:26:07"
"262","935","48","15:25:15","15:26:07"
"220","979","59","15:25:15","15:26:07"
"205","1001","88","15:25:15","15:26:07"
"213","987","123","15:25:15","15:26:07"
